image_width: 640
image_height: 480
camera_name: edimax_ic_3115w
camera_matrix:
  rows: 3
  cols: 3
  data: [477.836140, 0.000000, 320.358627, 0.000000, 476.002397, 239.329592, 0.000000, 0.000000, 1.000000]
distortion_model: plumb_bob
distortion_coefficients:
  rows: 1
  cols: 5
  data: [-0.078900, 0.077790, -0.002060, -0.000374, 0.000000]
rectification_matrix:
  rows: 3
  cols: 3
  data: [1.000000, 0.000000, 0.000000, 0.000000, 1.000000, 0.000000, 0.000000, 0.000000, 1.000000]
projection_matrix:
  rows: 3
  cols: 4
  data: [470.231567, 0.000000, 319.565618, 0.000000, 0.000000, 467.969055, 237.895618, 0.000000, 0.000000, 0.000000, 1.000000, 0.000000]
