image_width: 1280
image_height: 960
camera_name: edimax_ic_3115w
camera_matrix:
  rows: 3
  cols: 3
  data: [975.174173, 0.000000, 661.311181, 0.000000, 976.770479, 467.985876, 0.000000, 0.000000, 1.000000]
distortion_model: plumb_bob
distortion_coefficients:
  rows: 1
  cols: 5
  data: [-0.081111, 0.076857, -0.001563, -0.000932, 0.000000]
rectification_matrix:
  rows: 3
  cols: 3
  data: [1.000000, 0.000000, 0.000000, 0.000000, 1.000000, 0.000000, 0.000000, 0.000000, 1.000000]
projection_matrix:
  rows: 3
  cols: 4
  data: [957.049255, 0.000000, 658.956580, 0.000000, 0.000000, 960.570068, 466.067956, 0.000000, 0.000000, 0.000000, 1.000000, 0.000000]
