image_width: 320
image_height: 240
camera_name: edimax_ic_3115w
camera_matrix:
  rows: 3
  cols: 3
  data: [244.391637, 0.000000, 163.058814, 0.000000, 244.650905, 119.484434, 0.000000, 0.000000, 1.000000]
distortion_model: plumb_bob
distortion_coefficients:
  rows: 1
  cols: 5
  data: [-0.082006, 0.089656, 0.000951, -0.003693, 0.000000]
rectification_matrix:
  rows: 3
  cols: 3
  data: [1.000000, 0.000000, 0.000000, 0.000000, 1.000000, 0.000000, 0.000000, 0.000000, 1.000000]
projection_matrix:
  rows: 3
  cols: 4
  data: [240.489868, 0.000000, 161.097755, 0.000000, 0.000000, 241.498413, 119.261089, 0.000000, 0.000000, 0.000000, 1.000000, 0.000000]
